# Created by Octave 9.4.0, Fri Nov 21 00:04:32 2025 GMT <unknown@LAPTOP-WILLY>
# name: mc_results
# type: scalar struct
# ndims: 2
 1 1
# length: 8
# name: n_simulations
# type: scalar
1000


# name: trade_shuffle_returns
# type: matrix
# rows: 1000
# columns: 1
 -48.384564570398616
 272.55251380776889
 136.77004910820983
 -25.213848044955068
 84.986056156185484
 127.23578551133072
 -75.095056530757077
 -63.638486484689139
 160.28103641454769
 -26.944944726734022
 -69.932308727952147
 -0.37953315411463073
 60.201420762202233
 -37.452641345354024
 -38.5890006191702
 -53.326804585627499
 172.07273130880415
 -84.4048404219199
 -57.345570811196978
 127.97760110490147
 -86.818143531174897
 -40.088765436087883
 7.6017792830020303
 -51.583592679074556
 -92.431901897233828
 -46.614032111039393
 -83.965435047449972
 -8.0095816933176689
 -26.102562033412589
 -12.820593779243106
 1.2327701240968603
 -62.685418250791017
 -58.272797410984637
 -25.588641461215499
 13.805479467524284
 -71.796305513883823
 -72.991088198428344
 120.32427211709566
 45.413011903554754
 -57.550005662913861
 -68.869050324408505
 99.513542451172924
 -62.512616980244154
 70.804683943664728
 -83.041049305327547
 66.542145541813284
 11.047396127845754
 -72.228361525242917
 -56.273144352420104
 -19.220376487271562
 -19.354819419841263
 -19.780821419318993
 -44.213050481115054
 27.988670077133861
 -54.781473340473141
 -22.930635223993733
 -49.899136757866344
 110.82546120947296
 -32.634904856345401
 -11.707809630679812
 53.464795317589584
 33.472030963841746
 70.197590472161181
 -46.109951986466214
 -51.341928271329863
 -10.940881627380694
 -52.811292885820059
 -65.799217390932284
 -78.478578717774255
 24.92268844619332
 -35.634369516955125
 -58.433310636959213
 -0.056489984709384711
 10.795621340561802
 65.316745995204599
 -57.678474495640131
 -41.35945229335897
 55.740770938104099
 -80.715191309869908
 43.14018128709327
 -85.789303238516595
 -79.532855009238645
 -60.96822700148973
 42.664528308895001
 -67.659564649381338
 -0.80057343028351324
 -59.273842113116437
 -69.586931931633828
 -58.335087505059015
 -51.868432442866805
 25.613549695669136
 -10.611135197965426
 0.38389571949863921
 -38.432206660900505
 41.437118417698194
 20.931591872465116
 -62.794628771864645
 -56.493667003391693
 30.067566745861861
 -40.530368201826114
 62.262303433347753
 -42.045353632928837
 -39.70227271639326
 6.479933847635877
 -76.58368091107333
 73.050693366965078
 51.694140555495125
 113.51052743622105
 57.280326979129747
 -60.279440718170576
 -14.090660367337859
 -88.37407287154393
 -45.189212944839419
 -59.324568383457688
 -47.088848553431617
 23.354266327685469
 1.2339515058066075
 -74.679484039818689
 -19.829386090072898
 20.364302657622567
 -49.171454590579245
 -16.771331311940095
 -68.525742861808183
 8.1305958450885072
 -86.304475035026925
 72.517878539332898
 -53.117759119134455
 -22.385581385698504
 -4.0742242515415477
 -79.688837269720011
 -83.885643925236465
 -42.723829098978086
 -14.747095565883694
 -32.804374296126596
 11.484586053178836
 -38.140059251578265
 -55.759470200088735
 -31.497576560968266
 -62.179445868925811
 -12.949715715589749
 -69.537218232459992
 -49.230683233142059
 5.7004059110939531
 -25.771430171913924
 -11.264002073326774
 -77.750121334956759
 -17.056215398392482
 -33.916149915194637
 -29.198035492489748
 -67.6032445124074
 -34.550509211918389
 -55.409787029502255
 -93.714979133429694
 11.164721662506771
 27.662188900678821
 -73.787485792555628
 3.7690727267214452
 -27.752511348125918
 -84.073270446375119
 -39.634233683404659
 -36.647625043445522
 89.216043867629494
 33.515175133877115
 107.44931307919572
 -1.6972980695377116
 -76.890051476799712
 37.498816829005065
 -8.5579847131204474
 121.94381853029191
 109.01301068931363
 -18.117974338533472
 38.267318916481294
 -75.99517292896094
 -56.895916682933724
 1.9147917851018326
 37.462417280911083
 170.35209847664424
 -62.59110187537582
 -50.260768340542519
 -11.234851765261277
 -31.420344602241634
 -6.3951344829996204
 20.182365051680939
 23.747098636764342
 -39.878460450189046
 -67.493159229886572
 -59.764516017941503
 -42.786578206973758
 -21.901865783524244
 -72.813084307138524
 -40.687188910077211
 -27.368206955045672
 67.610472693512435
 -70.875665793481275
 -27.375946732312507
 -81.991110836955258
 -18.991987353507422
 -71.957617988678948
 53.868798166564183
 -39.239500694808207
 10.585548592249229
 -70.506073277621397
 26.428290179864678
 -32.975211739483093
 -52.629354155005416
 45.160150029137888
 -70.298932907068718
 -72.21672133857011
 87.674739630188554
 83.792877350325611
 126.75556333694513
 -35.029866667103271
 -9.1070782262316357
 71.439588272332315
 287.66821793052009
 -91.052192129999938
 -30.958660884895352
 33.258679600362797
 -57.025970725366371
 -79.603532395638709
 -7.2073095798675606
 -34.182692793526073
 8.0057860915027099
 -30.759447173028999
 -71.487861850736493
 -26.982443067279714
 -48.547393908481382
 17.343356578016245
 -67.566766810454112
 -19.689353041394821
 113.62906344231737
 0.95778715591128272
 -39.334452666418265
 -71.955762290731244
 -85.026798736112269
 -74.23432858050451
 -19.142657996531842
 -79.759170314332522
 277.58078467713068
 93.379498816928802
 -53.389226834884639
 -82.029734055273721
 -50.06522524642272
 -44.696758156470473
 -79.947778219620275
 64.107179652489506
 557.52838070094106
 -35.244144431443338
 44.469225919776157
 -68.546077735697793
 0.3296623259999798
 -30.855619298341352
 -11.832438084979035
 -78.844245195169606
 -32.783645190128198
 -75.331141522663302
 -61.875759729365562
 -19.144603481686218
 -69.03148346713391
 -56.603548950401319
 156.59528420947856
 -28.8126873847932
 -83.00208847556091
 -74.615127873891112
 -72.681369654332528
 103.26849328238805
 -56.177857121436745
 51.959020223834273
 -8.0706531286125589
 82.073820919955537
 -74.697854463965612
 191.46244711638835
 23.241358470658046
 -70.205072572034084
 126.83565461561237
 -47.698777244540061
 117.89763229612103
 -33.852285845832832
 -39.188782194255324
 137.23983800164476
 1.6232425915491566
 38.351302158538857
 -38.891795520476279
 4.5174997548309337
 -32.210893163243689
 36.46154048499497
 66.287294427097891
 -31.520214767327893
 -52.252526573036604
 -62.085119050072436
 -48.744829929599909
 20.115240992854176
 -54.433695782591144
 -30.033060949756962
 -56.788634851362943
 -87.097744495247696
 -31.81546559625491
 -17.018086691010293
 -43.387267316981315
 -37.349366929341265
 -43.931128740216629
 -48.612513644384173
 -75.280445633495631
 -47.233349747250926
 -32.445119871561047
 -35.168316407820789
 78.341927070663232
 -41.614372924320477
 -84.663084051635934
 -7.8613992407682414
 14.670392214450857
 -43.910785039653057
 -51.215849851125562
 -64.526268045807569
 8.1817206199298766
 74.010247300397054
 65.379871824396218
 -53.445475707383316
 61.731159037245021
 -8.5254762676419187
 -63.878160952621023
 47.824467469107823
 -44.421018203616192
 -52.549931428482523
 -21.66247338880699
 283.3473007780683
 207.89670907348864
 221.13347421235363
 -72.813500265354691
 20.629824643108918
 229.18455277441919
 2.5203933011908486
 -57.986713998364706
 254.84351372177017
 -65.605774277289512
 -69.621837522323347
 -33.859064479246555
 -52.671669427945055
 -59.032155248395938
 -63.113775153233419
 -43.57067799710881
 34.155448837602286
 11.43544901855349
 -57.885557151888136
 212.46527867086954
 -64.628887239230721
 28.196836273854899
 18.983756434416478
 106.24019750282451
 64.11648567217965
 -52.981847673444157
 54.664037891027874
 -83.329288810565572
 113.49167772012065
 76.210047646051976
 -67.617658908799427
 -57.699829369759506
 -79.104887629348241
 36.851636531475918
 46.459762920945799
 -55.422255570691206
 -19.942381690511301
 -49.347145665353764
 -81.703617889400448
 -69.69245969615352
 -2.8735012537004612
 80.028395183564257
 -7.3097961696817144
 -63.914824632262032
 -73.154530774474807
 234.03054933595783
 -19.25009625498868
 56.379225021230205
 -74.306891741897658
 53.467975804058888
